start=471.460000
volume=70.000000
fullscreen=yes
