start=4.300000
volume=55.000000
