start=2608.647708
volume=85.000000
sub-visibility=no
sub-scale=0.500000
