start=927.437000
volume=29.000000
fullscreen=yes
