start=3359.880000
volume=40.000000
fullscreen=yes
sub-delay=-0.200000
sub-pos=101
sub-scale=0.500000
