start=236.533000
speed=1.210000
