start=150.080000
speed=1.210000
volume=70.000000
