start=828.400000
speed=1.210000
volume=85.000000
