start=174.700000
speed=1.464100
sub-visibility=no
