start=3370.741000
volume=55.000000
fullscreen=yes
sid=1
sub-delay=-0.800000
sub-pos=101
sub-scale=0.500000
