start=259.359000
speed=1.464100
volume=70.000000
