start=312.396000
volume=55.000000
