start=3407.741000
volume=70.000000
fullscreen=yes
sub-scale=0.500000
