start=1299.799000
volume=70.000000
fullscreen=yes
