start=1561.440000
speed=1.210000
volume=85.000000
fullscreen=yes
