start=1300.549000
volume=40.000000
fullscreen=yes
