start=55.866000
sid=1
sub-scale=0.500000
