start=585.420000
speed=1.210000
fullscreen=yes
