start=1351.850000
volume=130.000000
fullscreen=yes
contrast=1
sid=2
