start=3435.933000
volume=50.000000
fullscreen=yes
sub-scale=0.500000
