start=148.800000
volume=55.000000
fullscreen=yes
