start=3526.421000
sub-scale=0.500000
