start=364.992956
volume=10.000000
fullscreen=yes
