start=68.633000
volume=55.000000
