start=353.450000
volume=70.000000
fullscreen=yes
