start=493.285000
volume=85.000000
fullscreen=yes
