start=3771.000000
volume=115.000000
fullscreen=yes
