start=24.334000
volume=130.000000
