start=97.464000
volume=85.000000
