start=109.133000
volume=115.000000
