start=42.942000
volume=70.000000
