start=563.166667
volume=25.000000
fullscreen=yes
