start=1749.914833
volume=70.000000
