start=2225.624322
volume=10.000000
fullscreen=yes
