start=270.634000
speed=1.464100
pause=yes
volume=130.000000
