start=1430.929000
volume=85.000000
fullscreen=yes
aid=1
sid=no
