start=1368.320000
volume=85.000000
fullscreen=yes
