start=32.699000
volume=130.000000
