start=964.433000
speed=1.210000
volume=115.000000
