start=3509.318000
volume=70.000000
fullscreen=yes
sub-visibility=no
sub-scale=0.500000
