start=1289.747000
volume=70.000000
fullscreen=yes
