start=3467.357000
volume=70.000000
fullscreen=yes
sid=1
sub-delay=38.999977
sub-scale=0.500000
