start=451.480000
volume=115.000000
fullscreen=yes
