start=397.797667
volume=40.000000
