start=536.077000
volume=87.000000
fullscreen=yes
