start=424.524000
volume=85.000000
