start=2547.667000
speed=1.210000
volume=55.000000
