start=1695.200000
fullscreen=yes
panscan=1.000000
