start=3856.680000
volume=85.000000
fullscreen=yes
