start=73.400000
pause=yes
volume=55.000000
