start=982.000000
volume=55.000000
