start=434.550000
volume=87.000000
contrast=1
