start=427.800000
volume=85.000000
fullscreen=yes
