start=2056.721000
pause=yes
volume=85.000000
panscan=1.000000
sid=no
