start=1318.484000
volume=115.000000
fullscreen=yes
