start=836.683000
volume=70.000000
sid=2
sub-scale=0.500000
