start=104.933000
volume=55.000000
