start=7.317000
volume=40.000000
