start=1296.086000
volume=55.000000
fullscreen=yes
