start=1737.640000
speed=1.210000
