start=92.759000
volume=130.000000
fullscreen=yes
