start=27.944000
volume=55.000000
