start=95.593000
volume=130.000000
