start=612.862000
speed=1.464100
volume=115.000000
