start=498.790000
volume=55.000000
fullscreen=yes
