start=2226.366000
speed=1.948717
volume=85.000000
sub-pos=102
