start=662.560000
speed=1.464100
volume=70.000000
fullscreen=yes
panscan=0.000000
