start=135.235000
pause=yes
volume=90.000000
