start=3465.420000
volume=70.000000
fullscreen=yes
sid=2
sub-pos=101
sub-scale=0.500000
