start=786.486000
speed=1.464100
volume=85.000000
