start=2551.590708
sub-visibility=no
sub-scale=0.500000
