start=168.533000
volume=105.000000
fullscreen=yes
