start=1299.882000
volume=85.000000
fullscreen=yes
