start=46.360000
volume=70.000000
fullscreen=yes
