start=157.116000
pause=yes
volume=115.000000
