start=393.600000
speed=1.210000
volume=130.000000
fullscreen=yes
