start=1407.450000
volume=85.000000
fullscreen=yes
