start=2022.668000
speed=1.210000
volume=70.000000
