start=730.850000
speed=1.210000
volume=70.000000
