start=864.000000
volume=85.000000
fullscreen=yes
sid=2
sub-pos=102
sub-scale=0.500000
