start=2585.217000
volume=115.000000
