start=593.960000
volume=115.000000
