start=193.610000
volume=70.000000
fullscreen=yes
