start=631.080000
volume=130.000000
