start=291.167000
volume=25.000000
