start=1209.600000
volume=70.000000
sid=no
