start=3441.240000
volume=85.000000
fullscreen=yes
sub-scale=0.500000
