start=1336.919000
volume=85.000000
fullscreen=yes
