start=866.800000
volume=130.000000
