start=545.419133
volume=25.000000
fullscreen=yes
