start=530.567000
volume=115.000000
fullscreen=yes
