start=473.973767
volume=70.000000
fullscreen=yes
