start=576.533000
volume=130.000000
