start=1332.998000
volume=55.000000
fullscreen=yes
