start=3104.700000
speed=1.210000
