start=4170.000000
speed=1.210000
