start=2551.924375
volume=40.000000
fullscreen=yes
sub-visibility=no
sub-scale=0.600000
