start=1076.692167
volume=85.000000
fullscreen=yes
