start=136.136000
volume=130.000000
fullscreen=yes
