start=1065.398000
volume=130.000000
panscan=1.000000
