start=331.934000
speed=1.210000
