start=459.400000
volume=115.000000
