start=1199.998000
volume=85.000000
