start=139.272000
volume=25.000000
