start=1481.680000
volume=55.000000
fullscreen=yes
