start=3016.261000
pause=yes
volume=55.000000
fullscreen=yes
sub-delay=-1.100000
sub-pos=101
sub-scale=0.500000
