start=271.841867
volume=46.000000
fullscreen=yes
