start=385.767000
speed=1.210000
volume=85.000000
fullscreen=yes
