start=394.340000
speed=1.210000
volume=70.000000
