start=64.800000
pause=yes
volume=40.000000
