start=3036.486347
speed=1.210000
