start=3368.621000
volume=55.000000
fullscreen=yes
sub-delay=-52.999767
sub-scale=0.500000
