start=3313.160000
volume=85.000000
fullscreen=yes
sub-scale=0.500000
