start=5374.050000
speed=1.210000
volume=115.000000
fullscreen=yes
