start=491.433000
volume=85.000000
