start=7773.909000
volume=130.000000
fullscreen=yes
