start=116.784000
volume=70.000000
