start=533.233000
volume=85.000000
