start=438.167000
speed=1.464100
