start=3452.699000
volume=70.000000
fullscreen=yes
sid=1
sub-scale=0.500000
