start=5484.584000
volume=70.000000
fullscreen=yes
sid=1
sub-delay=85.999260
sub-scale=0.500000
sub-ass-vsfilter-aspect-compat=no
