start=6.630680
speed=1.210000
