start=1074.760000
volume=115.000000
panscan=1.000000
