start=563.438000
volume=55.000000
fullscreen=yes
