start=560.320000
volume=115.000000
fullscreen=yes
