start=47.847000
pause=yes
volume=130.000000
