start=1774.800000
volume=70.000000
fullscreen=yes
