start=138.760000
volume=55.000000
fullscreen=yes
