start=2140.200000
speed=1.464100
pause=yes
volume=74.000000
