start=521.271000
volume=70.000000
fullscreen=yes
