start=47.714000
volume=85.000000
sid=no
