start=3491.718000
volume=50.000000
fullscreen=yes
sub-delay=47.299854
sub-scale=0.500000
