start=1301.133000
volume=70.000000
fullscreen=yes
