start=1420.210000
volume=85.000000
fullscreen=yes
sub-visibility=no
sub-scale=0.500000
