start=298.298000
volume=115.000000
