start=984.192000
volume=85.000000
fullscreen=yes
