start=3281.701000
volume=40.000000
sub-scale=0.500000
