start=9.300000
volume=70.000000
