start=3492.741000
volume=70.000000
sub-delay=-1.000000
sub-scale=0.500000
