start=120.298330
speed=0.101526
volume=25.000000
fullscreen=yes
