start=5423.466600
speed=1.948717
