start=133.800000
volume=130.000000
fullscreen=yes
