start=476.142000
volume=130.000000
fullscreen=yes
