start=1299.882000
volume=70.000000
fullscreen=yes
