start=237.000000
speed=1.210000
