start=94.261000
speed=1.210000
volume=115.000000
fullscreen=yes
