start=77.452000
volume=85.000000
sid=no
