start=801.600000
volume=70.000000
