start=289.733000
volume=85.000000
