start=858.700000
volume=85.000000
fullscreen=yes
