start=123.356000
volume=85.000000
fullscreen=yes
