start=2641.722000
sub-pos=101
sub-scale=0.500000
