start=2788.035250
pause=yes
volume=70.000000
sub-scale=0.500000
