start=130.640000
volume=70.000000
