start=2021.433000
speed=1.464100
