start=214.966000
speed=1.464100
