start=253.656556
speed=1.210000
