start=3440.920000
volume=70.000000
sid=1
sub-pos=102
sub-scale=0.500000
