start=293.333000
speed=1.464100
pause=yes
