start=3894.280000
volume=70.000000
sub-pos=101
sub-scale=0.500000
