start=203.004296
volume=70.000000
