start=3420.741000
volume=55.000000
fullscreen=yes
sub-delay=-1.000000
sub-pos=101
sub-scale=0.500000
