start=255.588000
volume=70.000000
