start=40.533000
volume=40.000000
