start=1302.218000
volume=70.000000
fullscreen=yes
