start=1313.979000
volume=85.000000
fullscreen=yes
