start=1327.660000
volume=36.000000
fullscreen=yes
