start=761.520000
volume=115.000000
fullscreen=yes
gamma=1
sub-pos=101
