start=3493.221000
volume=115.000000
sub-scale=0.500000
