start=238.334000
speed=1.464100
pause=yes
volume=130.000000
