start=2551.090208
volume=55.000000
fullscreen=yes
sub-visibility=no
sub-scale=0.500000
