start=67.618992
volume=55.000000
fullscreen=yes
