start=305.866000
speed=1.210000
pause=yes
volume=85.000000
fullscreen=yes
