start=321.388000
volume=70.000000
