start=3747.477067
volume=25.000000
