start=539.405000
speed=1.210000
