start=697.397000
volume=91.000000
sid=no
