start=1316.549000
volume=70.000000
fullscreen=yes
