start=1328.953000
volume=55.000000
