start=77.778000
volume=70.000000
panscan=1.000000
