start=1325.866000
volume=85.000000
fullscreen=yes
