start=504.004000
volume=70.000000
