start=713.647000
volume=85.000000
