start=2626.499000
volume=40.000000
sub-delay=-19.100037
sub-scale=0.500000
