start=111.980000
speed=1.210000
audio-delay=1.000000
