start=50.133000
volume=70.000000
