start=6.288959
volume=130.000000
