start=7434.499000
speed=1.464100
volume=85.000000
