start=1382.200000
volume=55.000000
fullscreen=yes
