start=1863.828000
speed=1.210000
pause=yes
volume=85.000000
