start=163.520000
volume=130.000000
