start=1291.415000
volume=70.000000
