start=1175.333000
speed=1.210000
volume=130.000000
panscan=1.000000
