start=3250.789000
volume=55.000000
sid=2
sub-delay=2.600000
sub-pos=101
sub-scale=0.500000
