start=124.800000
speed=1.210000
pause=yes
