start=145.812000
volume=85.000000
fullscreen=yes
