start=119.369000
pause=yes
volume=55.000000
brightness=-1
aid=1
sid=no
