start=456.833000
speed=1.948717
volume=70.000000
