start=355.300000
volume=85.000000
fullscreen=yes
