start=1211.240000
volume=55.000000
fullscreen=yes
