start=386.585610
volume=70.000000
