start=129.334000
volume=70.000000
