start=552.919000
volume=90.000000
