start=861.594000
pause=yes
volume=85.000000
