start=857.960000
volume=130.000000
panscan=1.000000
