start=209.209000
volume=55.000000
fullscreen=yes
