start=3440.301000
volume=85.000000
fullscreen=yes
sub-delay=-1.400000
sub-pos=101
sub-scale=0.500000
