start=622.823000
pause=yes
volume=130.000000
panscan=1.000000
