start=2701.031667
volume=70.000000
fullscreen=yes
sub-scale=0.500000
