start=1404.667000
volume=130.000000
