start=707.407000
volume=70.000000
fullscreen=yes
