start=276.176000
speed=1.210000
pause=yes
volume=70.000000
fullscreen=yes
