start=250.467000
speed=1.464100
volume=115.000000
fullscreen=yes
