start=93.587000
volume=130.000000
