start=2233.483000
speed=1.210000
volume=115.000000
