start=487.400000
speed=1.210000
panscan=1.000000
sid=no
