start=1328.911000
volume=85.000000
fullscreen=yes
