start=484.284000
volume=85.000000
audio-delay=0.000000
sid=no
sub-ass-override=force
