start=1615.178970
speed=1.464100
