start=1803.720000
speed=1.464100
volume=70.000000
