start=58.960000
volume=40.000000
