start=762.120000
volume=70.000000
