start=401.734000
speed=1.464100
volume=55.000000
