start=89.900000
volume=115.000000
