start=134.577000
volume=70.000000
