start=65.733000
volume=40.000000
