start=2559.306750
volume=85.000000
sub-visibility=no
