start=362.529000
pause=yes
volume=90.000000
sid=3
sub-pos=102
sub-scale=0.500000
