start=2552.341458
volume=85.000000
fullscreen=yes
sub-visibility=no
sub-scale=0.500000
