start=290.957000
speed=1.464100
volume=85.000000
fullscreen=yes
