start=246.267000
speed=1.210000
