start=934.320000
sub-scale=0.100000
