start=1352.075289
speed=1.000000
volume=40.000000
fullscreen=yes
