start=21.767000
pause=yes
volume=115.000000
