start=2500.400000
volume=115.000000
