start=193.750000
speed=1.210000
pause=yes
volume=55.000000
