start=1322.780000
volume=85.000000
fullscreen=yes
