start=78.595000
volume=40.000000
