start=240.700000
speed=1.464100
pause=yes
volume=130.000000
fullscreen=yes
