start=1067.000000
volume=85.000000
fullscreen=yes
