start=391.780000
speed=1.000000
fullscreen=yes
