start=1318.734000
volume=70.000000
fullscreen=yes
