start=702.702000
volume=85.000000
fullscreen=yes
