start=2098.984000
volume=70.000000
fullscreen=yes
