start=45.036440
volume=55.000000
