start=3429.941000
volume=70.000000
fullscreen=yes
sub-delay=-1.300000
sub-pos=101
sub-scale=0.500000
