start=3721.551000
volume=70.000000
contrast=1
