start=156.800000
volume=115.000000
fullscreen=yes
