start=603.560000
volume=85.000000
