start=644.600000
speed=1.210000
volume=115.000000
