start=2706.870833
pause=yes
volume=70.000000
sub-visibility=no
sub-scale=0.500000
