start=520.700000
volume=70.000000
fullscreen=yes
