start=379.312000
speed=1.210000
volume=85.000000
fullscreen=yes
