start=1729.360000
volume=70.000000
fullscreen=yes
