start=687.979000
volume=70.000000
