start=443.276000
volume=115.000000
fullscreen=yes
