start=179.080000
speed=1.464100
