start=1.001000
pause=yes
volume=85.000000
