start=1299.590000
volume=55.000000
fullscreen=yes
