start=2525.481292
volume=70.000000
fullscreen=yes
sub-visibility=no
sub-scale=0.500000
