start=1321.070000
volume=85.000000
fullscreen=yes
