start=740.873000
volume=130.000000
panscan=1.000000
