start=154.200000
speed=1.464100
