start=1305.596000
volume=70.000000
fullscreen=yes
