start=872.872000
volume=85.000000
fullscreen=yes
