start=72.160000
volume=70.000000
