start=153.737000
speed=1.464100
volume=55.000000
fullscreen=yes
