start=478.240000
volume=105.000000
