start=2552.800250
volume=70.000000
fullscreen=yes
sub-scale=0.500000
