start=7.200000
volume=85.000000
