start=3453.501000
volume=40.000000
fullscreen=yes
sub-delay=-62.699619
sub-pos=101
sub-scale=0.500000
