start=1448.840000
volume=70.000000
