start=619.920000
speed=1.464100
fullscreen=yes
