start=1228.917000
speed=1.464100
volume=130.000000
