start=1080.800000
volume=130.000000
