start=1251.667000
volume=70.000000
fullscreen=yes
