start=1332.748000
volume=55.000000
fullscreen=yes
