start=3042.122000
volume=40.000000
fullscreen=yes
sub-scale=0.500000
