start=482.720000
volume=55.000000
