start=153.503000
pause=yes
volume=60.000000
