start=3935.680000
speed=1.210000
volume=55.000000
fullscreen=yes
