start=558.558000
volume=115.000000
