start=2612.651708
volume=70.000000
sub-scale=0.500000
