start=84.718000
volume=55.000000
fullscreen=yes
