start=179.446667
pause=yes
volume=55.000000
