start=3505.341000
volume=70.000000
fullscreen=yes
sid=1
sub-delay=-2.000000
sub-scale=0.500000
