start=1237.336000
speed=1.210000
fullscreen=yes
