start=103.403000
volume=70.000000
fullscreen=yes
