start=330.130000
volume=85.000000
