start=0.334000
volume=85.000000
