start=497.039000
volume=115.000000
fullscreen=yes
