start=457.291000
volume=85.000000
