start=1299.673000
volume=85.000000
fullscreen=yes
