start=1349.765000
volume=85.000000
sub-visibility=no
