start=1108.760000
volume=70.000000
fullscreen=yes
