start=1712.419000
volume=70.000000
fullscreen=yes
panscan=1.000000
