start=1670.000000
speed=1.464100
volume=85.000000
sid=no
