start=13.346000
volume=55.000000
