start=7750.233333
volume=55.000000
sid=no
