start=1298.756000
volume=70.000000
fullscreen=yes
