start=1307.173000
volume=115.000000
fullscreen=yes
