start=643.367000
speed=1.210000
volume=55.000000
