start=831.383000
volume=70.000000
