start=162.467000
speed=1.210000
pause=yes
volume=130.000000
