start=162.320000
pause=yes
volume=85.000000
