start=301.720000
volume=85.000000
