start=2056.800000
speed=1.210000
