start=56.490000
volume=40.000000
fullscreen=yes
