start=667.967000
speed=1.210000
fullscreen=yes
