start=3385.215000
volume=70.000000
fullscreen=yes
sub-scale=0.500000
