start=10.967000
pause=yes
volume=70.000000
