start=262.012000
speed=1.210000
