start=54.096000
volume=70.000000
