start=3519.245000
volume=50.000000
fullscreen=yes
