start=490.239000
speed=1.210000
pause=yes
