start=716.382333
volume=25.000000
