start=1139.872000
volume=130.000000
panscan=1.000000
