start=4.666600
speed=1.464100
mute=yes
