start=577.633000
volume=115.000000
fullscreen=yes
