start=1315.439000
volume=70.000000
