start=145.145000
pause=yes
volume=55.000000
fullscreen=yes
aid=1
sid=1
