start=661.080000
pause=yes
volume=85.000000
