start=1350.100000
volume=130.000000
fullscreen=yes
