start=1292.082000
volume=70.000000
brightness=-1
aid=1
sid=no
