start=185.386000
volume=130.000000
