start=143.977000
volume=55.000000
fullscreen=yes
