start=770.120000
volume=130.000000
