start=5272.201000
speed=1.464100
volume=85.000000
audio-delay=0.000000
aid=1
sid=no
sub-delay=0.000000
