start=159.166000
volume=70.000000
fullscreen=yes
