start=2994.760000
volume=85.000000
