start=1044.260000
speed=1.210000
volume=70.000000
