start=1414.872000
volume=40.000000
fullscreen=yes
aid=1
sid=no
