start=2584.290000
pause=yes
volume=70.000000
sub-pos=102
sub-scale=0.500000
