start=3333.933000
speed=1.610510
volume=130.000000
