start=1305.054000
volume=55.000000
