start=111.800000
volume=70.000000
