start=411.167000
volume=70.000000
