start=5397.017000
volume=50.000000
fullscreen=yes
sub-scale=0.500000
