start=259.000000
volume=55.000000
