start=469.433000
pause=yes
volume=85.000000
