start=1349.682000
volume=115.000000
fullscreen=yes
sid=2
