start=2466.375000
pause=yes
fullscreen=yes
sid=5
sub-pos=99
sub-scale=0.600000
