start=1307.056000
volume=70.000000
fullscreen=yes
