start=2718.883000
volume=40.000000
fullscreen=yes
sub-delay=-20.600042
sub-pos=102
sub-scale=0.500000
