start=2552.716833
volume=85.000000
fullscreen=yes
sub-visibility=no
sub-scale=0.500000
