start=1173.783000
speed=1.210000
volume=70.000000
