start=869.576600
volume=29.000000
fullscreen=yes
