start=2843.924000
volume=40.000000
fullscreen=yes
sid=1
sub-pos=101
sub-visibility=no
sub-scale=0.500000
