start=490.160000
volume=70.000000
fullscreen=yes
