start=1026.233000
speed=1.464100
