start=10317.599000
speed=1.464100
volume=130.000000
