start=1585.240000
volume=70.000000
fullscreen=yes
