start=5.633000
volume=102.000000
