start=779.657256
volume=40.000000
