start=14.867000
volume=55.000000
sid=no
