start=52.366667
pause=yes
volume=55.000000
