start=1374.039000
volume=70.000000
aid=1
sid=no
