start=235.988022
volume=40.000000
