start=803.120000
volume=70.000000
