start=3453.659000
volume=50.000000
fullscreen=yes
sub-scale=0.500000
