start=123.456000
volume=55.000000
