start=503.303000
speed=1.210000
pause=yes
volume=70.000000
