start=1296.795000
speed=1.000000
volume=85.000000
fullscreen=yes
sid=1
