start=399.083000
volume=70.000000
fullscreen=yes
