start=3437.541000
volume=70.000000
fullscreen=yes
sub-delay=-1.000000
sub-pos=101
sub-scale=0.500000
