start=179.112000
volume=120.000000
