start=306.233000
volume=70.000000
sid=no
