start=3356.541000
volume=115.000000
fullscreen=yes
sub-scale=0.500000
