start=78.845000
volume=115.000000
fullscreen=yes
