start=674.459067
volume=25.000000
