start=2553.259042
volume=70.000000
sub-visibility=no
