start=1075.000000
speed=1.210000
pause=yes
volume=75.000000
