start=2551.382167
volume=55.000000
fullscreen=yes
sub-visibility=no
sub-scale=0.500000
