start=452.350000
speed=1.210000
fullscreen=yes
