start=32.574000
volume=30.000000
