start=118.869000
volume=85.000000
fullscreen=yes
