start=172.338833
pause=yes
volume=65.000000
fullscreen=yes
aid=1
sid=2
sub-pos=101
sub-visibility=no
sub-scale=0.500000
