start=1563.667000
volume=115.000000
