start=1309.934000
volume=55.000000
fullscreen=yes
