start=43.502000
volume=70.000000
fullscreen=yes
