start=56.480000
volume=70.000000
