start=76.610000
volume=55.000000
