start=77.334000
volume=85.000000
