start=143.500000
volume=55.000000
