start=3391.034000
volume=94.000000
fullscreen=yes
