start=18.633000
volume=85.000000
