start=18.280000
speed=1.210000
