start=2740.320917
volume=80.000000
fullscreen=yes
sub-scale=0.500000
