start=1329.119000
volume=70.000000
fullscreen=yes
