start=1299.924000
volume=70.000000
fullscreen=yes
