start=1347.221000
volume=115.000000
fullscreen=yes
sid=2
