start=195.500000
speed=1.331000
