start=1303.093000
volume=70.000000
fullscreen=yes
