start=540.850000
volume=85.000000
