start=1291.456833
speed=1.210000
volume=55.000000
fullscreen=yes
