start=117.651000
volume=85.000000
fullscreen=yes
