start=2716.883550
volume=70.000000
sub-visibility=no
sub-scale=0.500000
