start=3406.981000
volume=70.000000
sub-pos=101
sub-scale=0.500000
