start=11.300000
volume=40.000000
