start=1925.200000
speed=1.464100
volume=130.000000
