start=1240.000000
speed=1.464100
