start=444.014533
volume=25.000000
