start=1319.109000
volume=115.000000
fullscreen=yes
