start=382.298000
speed=1.464100
volume=85.000000
