start=1136.717078
pause=yes
aid=2
sid=1
sub-pos=101
sub-scale=0.500000
