start=348.160000
volume=70.000000
