start=434.100000
volume=90.000000
