start=36.000000
volume=40.000000
