start=315.381000
speed=1.210000
