start=4832.189000
volume=40.000000
fullscreen=yes
sid=1
sub-pos=113
sub-scale=0.600000
