start=1183.015000
volume=70.000000
fullscreen=yes
