start=281.440000
volume=55.000000
fullscreen=yes
