start=2634.382000
volume=85.000000
fullscreen=yes
