start=1044.080000
volume=70.000000
