start=291.416125
volume=25.000000
fullscreen=yes
