start=217.113120
speed=1.210000
volume=51.000000
fullscreen=yes
