start=1277.568000
volume=70.000000
sid=1
