start=457.520000
volume=76.000000
fullscreen=yes
