start=147.230000
volume=115.000000
fullscreen=yes
