start=164.103746
volume=115.000000
fullscreen=yes
