start=236.916000
volume=55.000000
fullscreen=yes
