start=1302.760000
volume=70.000000
fullscreen=yes
