start=848.616622
volume=14.000000
