start=1325.424000
volume=40.000000
