start=964.258000
volume=130.000000
