start=949.516000
speed=1.210000
volume=85.000000
fullscreen=yes
