start=3486.741000
volume=70.000000
fullscreen=yes
sub-delay=-45.599876
sub-scale=0.500000
