start=838.913333
volume=55.000000
fullscreen=yes
