start=1240.520000
volume=85.000000
fullscreen=yes
