start=1295.920000
volume=70.000000
fullscreen=yes
sid=1
sub-delay=-0.000000
sub-pos=101
sub-scale=0.600000
