start=1304.470000
volume=55.000000
fullscreen=yes
