start=11891.628000
speed=1.210000
volume=115.000000
