start=148.750000
volume=60.000000
fullscreen=yes
