start=6755.733000
speed=1.464100
volume=130.000000
