start=1194.600000
speed=1.000000
volume=115.000000
