start=3430.135000
volume=50.000000
fullscreen=yes
sub-scale=0.500000
