start=1369.517000
speed=1.464100
volume=85.000000
