start=383.600000
volume=70.000000
