start=678.515667
volume=25.000000
fullscreen=yes
