start=6956.125000
speed=1.210000
volume=115.000000
