start=149.182000
pause=yes
volume=85.000000
