start=324.241000
volume=85.000000
fullscreen=yes
