start=251.875000
volume=70.000000
aid=2
sid=4
sub-scale=0.600000
