start=9469.585125
speed=1.000000
volume=70.000000
fullscreen=yes
sid=1
sub-pos=102
sub-scale=0.500000
