start=504.750000
speed=1.210000
pause=yes
volume=60.000000
deinterlace=yes
