start=67.750000
volume=70.000000
fullscreen=yes
