start=476.684000
volume=85.000000
fullscreen=yes
