start=847.250000
volume=40.000000
panscan=1.000000
