start=101.666000
volume=85.000000
