start=1328.953000
volume=70.000000
fullscreen=yes
