start=372.334122
volume=25.000000
