start=629.504000
volume=85.000000
fullscreen=yes
