start=597.816000
speed=1.210000
fullscreen=yes
