start=26.433333
volume=85.000000
