start=379.100000
volume=85.000000
sub-pos=118
