start=142.213667
volume=10.000000
