start=36.817000
volume=55.000000
