start=522.689000
volume=85.000000
fullscreen=yes
