start=53.136000
volume=130.000000
sid=no
