start=1314.813000
volume=85.000000
fullscreen=yes
