start=1398.130000
speed=1.210000
volume=85.000000
