start=143.240000
panscan=0.000000
