start=301.500000
volume=55.000000
