start=1113.100000
speed=1.464100
