start=531.031000
speed=1.210000
