start=325.166667
volume=55.000000
