start=2525.147625
volume=55.000000
sub-scale=0.500000
