start=78.679000
volume=55.000000
