start=3064.183000
pause=yes
volume=55.000000
