start=3474.085000
volume=70.000000
sid=1
sub-pos=113
sub-scale=0.700000
