start=4097.990000
pause=yes
volume=90.000000
deinterlace=yes
sid=1
sub-scale=0.500000
