start=1321.278000
volume=70.000000
