start=571.920000
volume=115.000000
fullscreen=yes
