start=306.673000
volume=130.000000
