start=845.267000
speed=1.210000
volume=130.000000
fullscreen=yes
