start=2475.556417
volume=70.000000
sub-visibility=no
sub-scale=0.500000
