start=204.650000
volume=55.000000
