start=723.250000
volume=70.000000
sid=2
sub-scale=0.500000
