start=271.640000
volume=85.000000
fullscreen=yes
