start=1317.942000
volume=85.000000
fullscreen=yes
