start=1298.464000
volume=55.000000
fullscreen=yes
