start=1212.000000
volume=70.000000
fullscreen=yes
