start=1301.634000
volume=70.000000
fullscreen=yes
