start=6511.266600
speed=1.464100
