start=1295.878000
volume=55.000000
fullscreen=yes
