start=495.350000
volume=70.000000
fullscreen=yes
