start=1154.133000
volume=115.000000
