start=923.367000
speed=1.464100
fullscreen=yes
