start=95.894960
speed=1.210000
