start=1318.692000
volume=85.000000
fullscreen=yes
