start=73.406667
pause=yes
volume=70.000000
