start=1326.367000
volume=55.000000
fullscreen=yes
