start=1257.200000
volume=70.000000
fullscreen=yes
