start=1140.000000
volume=70.000000
fullscreen=yes
