start=786.416667
volume=25.000000
fullscreen=yes
