start=101.769000
osd-level=3
speed=1.464100
volume=55.000000
