start=932.080000
volume=89.000000
fullscreen=yes
