start=91.960000
volume=55.000000
fullscreen=yes
