start=1191.607000
pause=yes
volume=115.000000
fullscreen=yes
aid=1
sid=2
sub-pos=105
sub-visibility=no
sub-scale=0.500000
