start=2542.998792
volume=70.000000
fullscreen=yes
sub-scale=0.600000
