start=652.040000
volume=85.000000
fullscreen=yes
