start=1292.960000
volume=70.000000
fullscreen=yes
