start=2719.675000
volume=50.000000
sub-scale=0.500000
