start=460.502000
volume=85.000000
fullscreen=yes
