start=1875.720000
volume=70.000000
fullscreen=yes
