start=1662.560000
volume=85.000000
fullscreen=yes
