start=476.642833
volume=55.000000
