start=42.833333
panscan=1.000000
