start=98.299000
volume=70.000000
fullscreen=yes
