start=240.686167
volume=85.000000
