start=3494.200000
pause=yes
fullscreen=yes
sub-delay=-1.100000
sub-pos=101
sub-scale=0.500000
