start=59.120000
panscan=0.100000
