start=2931.637000
volume=80.000000
sub-delay=-23.600056
sub-pos=101
sub-scale=0.500000
