start=79.680000
volume=55.000000
sid=no
