start=161.467000
speed=1.464100
volume=25.000000
