start=2743.699000
pause=yes
volume=70.000000
fullscreen=yes
sid=1
sub-delay=1.000000
sub-pos=102
sub-scale=0.500000
