start=1695.640000
volume=85.000000
fullscreen=yes
