start=86.286000
volume=85.000000
fullscreen=yes
