start=186.920000
volume=113.000000
fullscreen=yes
