start=2955.452500
volume=50.000000
sub-scale=0.500000
