start=1424.040000
volume=55.000000
fullscreen=yes
