start=1072.440000
volume=70.000000
fullscreen=yes
aid=1
