start=1296.337000
volume=55.000000
fullscreen=yes
