start=3519.781000
volume=65.000000
fullscreen=yes
sub-delay=-1.200000
sub-pos=101
sub-scale=0.500000
