start=122.640000
volume=130.000000
fullscreen=yes
