start=112.167000
panscan=1.000000
sid=no
