start=935.067000
speed=1.210000
volume=85.000000
fullscreen=yes
