start=3729.280000
volume=40.000000
sid=no
