start=892.500000
speed=1.210000
volume=70.000000
fullscreen=yes
