start=3307.360000
volume=25.000000
fullscreen=yes
sub-delay=-0.700000
sub-pos=101
sub-scale=0.500000
