start=3472.640000
volume=70.000000
fullscreen=yes
sid=1
sub-delay=41.999931
sub-scale=0.500000
