start=1459.792000
volume=70.000000
