start=743.643333
volume=85.000000
fullscreen=yes
