start=1308.682000
volume=70.000000
fullscreen=yes
