start=403.375000
volume=55.000000
fullscreen=yes
